2237
0 19 136 583 596 621 658 761 825 899
183 252 282 489 563 668 739 922 1357 1637
55 251 655 741 909 1204 1285 1357 1549 1812
333 637 658 858 875 1098 1443 1534 1617 1744
283 402 489 741 832 1006 1106 1303 1534 1617
270 346 439 652 829 849 922 983 1029 1263
82 333 447 493 573 755 1285 1388 1429 1694
134 252 486 1055 1117 1669 1767 1841 1952 1993
707 875 994 1061 1381 1740 1748 1758 1840 1887
629 645 655 788 829 899 1142 1397 1508 1758
726 788 1117 1181 1193 1738 1788 1910 2000 2111
46 175 604 627 780 973 1111 1720 1744 1767
627 963 1055 1232 1301 1775 1838 2021 2110 2190
0 82 246 274 490 583 668 702 775 1145
0 282 339 612 869 939 992 1450 1549 1679
61 136 183 339 369 447 527 529 803 1347
395 596 636 848 869 1198 1204 1263 1604 1771
646 963 994 1088 1182 1817 1993 2000 2061 2111
0 169 356 409 627 815 969 1106 1429 1786
27 321 573 621 702 739 755 761 1017 1146